1
3
0.5 1 5
3016.56740634602 3557.05641936078 0 0 0
3557.05641936078 19279.4284454145 0 0 0
0 0 4549839.45851459 6326325.18525787 35721.4092643312
0 0 6326325.18525787 185848180.590929 246311.413429539
0 0 35721.4092643312 246311.413429539 973.503364258259
2
3
0.5 1 8
2929.12656681788 2405.62846777801 0 0 0
2405.62846777801 23811.2866878533 0 0 0
0 0 4289891.22221916 2893524.162492 34852.1943167932
0 0 2893524.162492 283488686.86557 307745.107232309
0 0 34852.1943167932 307745.107232309 973.37770265614
3
3
0.5 1 12
2950.75893585681 1688.89204525675 0 0 0
1688.89204525675 21006.3352106825 0 0 0
0 0 4353489.14876941 1426178.17026577 35104.812013792
0 0 1426178.17026577 220633059.491781 272969.249880195
0 0 35104.812013792 272969.249880195 974.04246972544
4
3
0.5 1 16
2964.88613646122 1648.2768792045 0 0 0
1648.2768792045 15103.691496147 0 0 0
0 0 4395274.90108996 1358408.33526007 35255.3597456537
0 0 1358408.33526007 114060748.405391 196680.015914303
0 0 35255.3597456537 196680.015914303 976.202302657166
5
3
0.5 1 20
2960.76646319149 1832.12637105359 0 0 0
1832.12637105359 9962.00754096049 0 0 0
0 0 4383069.02477971 1678343.519755 35206.6896524717
0 0 1678343.519755 49620797.1230768 129434.494497562
0 0 35206.6896524717 129434.494497562 978.45101653866
6
3
0.5 5 8
1821.86942710293 2298.81952329184 0 0 0
2298.81952329184 39041.7964504029 0 0 0
0 0 1659604.10470618 2642285.60033387 22565.2396263296
0 0 2642285.60033387 762130935.037347 501726.172995831
0 0 22565.2396263296 501726.172995831 991.131651530754
7
3
0.5 5 12
1845.14948827397 1559.02493401363 0 0 0
1559.02493401363 36283.5967032733 0 0 0
0 0 1702288.31703885 1215279.3724381 22857.6865459865
0 0 1215279.3724381 658249694.862894 468186.697216823
0 0 22857.6865459865 468186.697216823 991.711792374916
8
3
0.5 5 16
1860.46273337847 1516.47047124046 0 0 0
1516.47047124046 30490.3834667322 0 0 0
0 0 1730660.79114503 1149841.34507212 23035.8640495449
0 0 1149841.34507212 464831741.974187 394727.282485035
0 0 23035.8640495449 394727.282485035 993.764725384737
9
3
0.5 5 20
1856.04101473172 1705.50916191369 0 0 0
1705.50916191369 25446.1893974544 0 0 0
0 0 1722444.12418318 1454380.75068577 22979.8814165453
0 0 1454380.75068577 323754277.42556 330006.742248947
0 0 22979.8814165453 330006.742248947 995.962718056628
10
3
0.5 8 12
1746.62928959127 367.727251788258 0 0 0
367.727251788258 40553.0804187509 0 0 0
0 0 1525356.93762905 67611.6658538726 21731.3588873265
0 0 67611.6658538725 822276165.724837 523050.750855406
0 0 21731.3588873265 523050.750855406 992.106831927238
11
3
0.5 8 16
1761.98654849713 321.525833915929 0 0 0
321.52583391593 34786.2852353562 0 0 0
0 0 1552298.29854242 51689.4309376669 21910.607381858
0 0 51689.4309376669 605042820.237779 450276.200189907
0 0 21910.607381858 450276.200189907 994.141795932507
12
3
0.5 8 20
1757.8101710534 506.852801865499 0 0 0
506.852801865498 29784.5450374413 0 0 0
0 0 1544948.2987294 128449.881379453 21860.7269047355
0 0 128449.881379453 443559561.543683 386645.939490517
0 0 21860.7269047355 386645.939490517 996.305099468335
13
3
0.5 12 16
1783.55262168413 -423.770703393612 0 0 0
-423.770703393612 31906.9370455841 0 0 0
0 0 1590529.97715816 89790.8045273586 22161.0046827842
0 0 89790.8045273586 509026315.815432 413700.37932174
0 0 22161.0046827842 413700.37932174 994.853721651169
14
3
0.5 12 20
1779.55156613209 -240.665759835204 0 0 0
-240.665759835204 26897.3369057111 0 0 0
0 0 1583401.88826159 28960.0039785281 22115.4383486562
0 0 28960.0039785281 361733366.309665 349862.826999667
0 0 22115.4383486562 349862.826999667 997.016062507123
15
3
0.5 16 20
1794.83721294771 -289.051938447042 0 0 0
-289.051938447042 21030.4952298475 0 0 0
0 0 1610720.31049095 41775.5115599965 22292.9447644442
0 0 41775.5115599965 221140864.806319 274517.516172541
0 0 22292.9447644442 274517.516172541 999.115521124492
16
3
1 5 8
1457.24793435374 2924.57236285289 0 0 0
2924.57236285289 40185.0889010825 0 0 0
0 0 1061785.77108913 4276561.75278147 18251.9960559398
0 0 4276561.75278147 807420684.993954 514661.275788915
0 0 18251.9960559398 514661.275788915 998.845608072968
17
3
1 5 12
1481.69228214221 2176.13320927384 0 0 0
2176.13320927384 37464.1683662683 0 0 0
0 0 1097706.00947989 2367777.87225222 18573.5642920004
0 0 2367777.87225222 701781955.688047 482073.207928818
0 0 18573.5642920004 482073.207928818 999.362942546822
18
3
1 5 16
1497.43939211791 2134.83758056771 0 0 0
2134.83758056771 31681.5566276987 0 0 0
0 0 1121162.36653323 2278765.74770211 18762.2469578666
0 0 2278765.74770211 501860515.177041 408878.747966309
0 0 18762.2469578666 408878.747966309 1001.39490329582
19
3
1 5 20
1492.75982898866 2328.15800289648 0 0 0
2328.15800289648 26636.4819797402 0 0 0
0 0 1114165.95352112 2710159.84322547 18699.7417109476
0 0 2710159.84322547 354751086.128513 344129.416867778
0 0 18699.7417109476 344129.416867778 1003.60241460483
20
3
1 8 12
1381.46672889088 970.76313758261 0 0 0
970.76313758261 41779.4543571105 0 0 0
0 0 954225.161516238 471190.534644617 17406.743600756
0 0 471190.534644617 872761403.188938 538101.14147956
0 0 17406.743600756 538101.141479559 999.786089347656
21
3
1 8 16
1397.26285617192 925.784635568511 0 0 0
925.784635568511 36023.484808158 0 0 0
0 0 976171.744618852 428538.59572736 17596.684020151
0 0 428538.59572736 648845728.861796 465600.180665226
0 0 17596.684020151 465600.180665226 1001.79967015093
22
3
1 8 20
1392.83687931027 1115.33630881155 0 0 0
1115.33630881155 31021.3339569692 0 0 0
0 0 969997.286183385 621987.540876691 17540.5920208373
0 0 621987.540876691 481161580.234905 401959.119715902
0 0 17540.5920208373 401959.119715902 1003.97173098375
23
3
1 12 16
1419.95488998072 171.903329770883 0 0 0
171.903329770883 33180.7020403908 0 0 0
0 0 1008135.94479008 14775.3773931584 17874.7752411514
0 0 14775.3773931585 550479493.946598 429949.047929833
0 0 17874.7752411514 429949.047929833 1002.45109420891
24
3
1 12 20
1415.71066642273 359.197776299642 0 0 0
359.197776299642 28171.0276663272 0 0 0
0 0 1002118.34551154 64511.5212493042 17823.2381671964
0 0 64511.5212493041 396803399.888486 366113.519498301
0 0 17823.2381671964 366113.519498301 1004.62162580786
25
3
1 16 20
1431.43415974665 312.048663863642 0 0 0
312.048663863642 22315.4200636406 0 0 0
0 0 1024501.8768448 48687.1843095423 18011.399950694
0 0 48687.1843095423 248988986.308366 291057.510580078
0 0 18011.399950694 291057.510580078 1006.6994092724
26
3
5 8 12
138.554185417737 811.805164952928 0 0 0
811.805164952928 56666.6632645693 0 0 0
0 0 9598.63114838633 329513.812922126 1818.23925754249
0 0 329513.812922126 1605555362.77005 723391.969826103
0 0 1818.23925754249 723391.969826103 1022.30342493989
27
3
5 8 16
155.760439384981 764.656690767864 0 0 0
764.656690767864 51015.8913830752 0 0 0
0 0 12130.6572387011 292349.92736803 2044.08397736536
0 0 292349.92736803 1301310586.80486 653558.119447397
0 0 2044.08397736536 653558.119447397 1024.20355286862
28
3
5 8 20
150.98554016336 960.079266180807 0 0 0
960.079266180808 46107.860652024 0 0 0
0 0 11398.3166692108 460876.098675139 1978.9134130018
0 0 460876.098675139 1062967406.95323 592310.655051098
0 0 1978.9134130018 592310.655051098 1026.32982991271
29
3
5 12 16
180.301417237349 -15.3286933620906 0 0 0
-15.3286933620909 48216.4665539598 0 0 0
0 0 16254.3005288982 117.484420094633 2369.55959875895
0 0 117.484420094632 1162413823.47456 619018.05730745
0 0 2369.55959875895 619018.05730745 1024.76393687034
30
3
5 12 20
175.722547084567 177.767951286694 0 0 0
177.767951286694 43301.5932087464 0 0 0
0 0 15439.206776944 15800.722252334 2309.49240616462
0 0 15800.722252334 937513987.207874 557602.291746724
0 0 2309.49240616462 557602.291746724 1026.88746516141
31
3
5 16 20
192.847704941135 128.406185965724 0 0 0
128.406185965723 37553.7600473799 0 0 0
0 0 18595.1186505315 8244.07429713153 2533.23524974961
0 0 8244.07429713153 705142446.848092 485312.40624608
0 0 2533.23524974961 485312.40624608 1028.85006221423
32
3
8 12 16
66.9754983921893 -1270.86056735942 0 0 0
-1270.86056735942 52287.6980057192 0 0 0
0 0 2242.85869244108 807543.290834559 870.719735529451
0 0 807543.290834559 1367001681.36865 668867.045370608
0 0 870.71973552945 668867.045370608 1025.78849304346
33
3
8 12 20
62.6606871932088 -1081.52563793509 0 0 0
-1081.52563793509 47414.1670327974 0 0 0
0 0 1963.18085976258 584848.852755453 817.467175428291
0 0 584848.852755453 1124051617.707 608498.767478271
0 0 817.467175428291 608498.767478271 1027.87739127913
34
3
8 16 20
79.837070362816 -1134.68718384939 0 0 0
-1134.68718384939 41691.3704406106 0 0 0
0 0 3186.97890205862 643757.502596035 1042.55369382186
0 0 643757.502596035 869085184.608109 536840.872046406
0 0 1042.55369382186 536840.872046406 1029.8228249873
35
3
12 16 20
102.651426227487 -1923.09669105641 0 0 0
-1923.09669105641 38757.5790339388 0 0 0
0 0 5268.65765326855 1849150.44157606 1323.14034260872
0 0 1849150.44157606 751074966.286007 498852.972313419
0 0 1323.14034260872 498852.972313419 1030.52702925831
